Start
110882444
11205058
11301714
154139381
155162067
156760887
156785617
158582646
158584091
158592935
158597507
158606449
158619728
158647495
158647522
158656281
17380497
182548379
182549019
204413297
204413299
204438334
204438643
206647742
23885498
3301721
3328358
36937059
36937065
40363054
45805566
47685455
47691569
47799639
47824248
47824400
98185527
98186077
98348885
104159196
104160434
112361870
123240287
123240625
123241332
123241341
123241348
123241354
123241383
123241496
123241794
123242026
123242724
123242780
70405855
90771829
97990583
108183167
4159466
47238522
61165280
61165731
61165741
64572018
64572557
12023773
12027539
12027556
12027565
12027586
12030117
12030306
12036301
121434630
121437221
121437382
133252796
25368084
25368462
4554548
54575458
6764831
103527849
103527930
110435953
113965176
28610183
28624294
28636084
28962666
32911888
32913055
32915005
32929232
73343039
102550803
102568367
23777374
23778698
